[gd_scene load_steps=22 format=3 uid="uid://c846xrm4uahcx"]

[ext_resource type="Shader" path="res://cutoff.gdshader" id="1_4j5p8"]
[ext_resource type="Script" path="res://capsul.gd" id="2_powcp"]
[ext_resource type="Script" path="res://player.gd" id="3_81ptb"]
[ext_resource type="PackedScene" uid="uid://bq1tkyat0bymw" path="res://portal.tscn" id="3_td0wn"]

[sub_resource type="FastNoiseLite" id="FastNoiseLite_yta80"]

[sub_resource type="NoiseTexture2D" id="NoiseTexture2D_e16dy"]
noise = SubResource("FastNoiseLite_yta80")

[sub_resource type="ShaderMaterial" id="ShaderMaterial_6n8rm"]
render_priority = 0
shader = ExtResource("1_4j5p8")
shader_parameter/cutplane = null
shader_parameter/_albedo = SubResource("NoiseTexture2D_e16dy")

[sub_resource type="StandardMaterial3D" id="StandardMaterial3D_tsbas"]
albedo_texture = SubResource("NoiseTexture2D_e16dy")
albedo_texture_force_srgb = true

[sub_resource type="CapsuleMesh" id="CapsuleMesh_82j70"]
material = SubResource("StandardMaterial3D_tsbas")

[sub_resource type="PlaneMesh" id="PlaneMesh_3ckh7"]

[sub_resource type="CylinderMesh" id="CylinderMesh_qkkxn"]

[sub_resource type="StandardMaterial3D" id="StandardMaterial3D_uuctm"]
albedo_color = Color(1, 0.14902, 0.243137, 1)

[sub_resource type="StandardMaterial3D" id="StandardMaterial3D_dkkef"]
albedo_color = Color(0.0588235, 1, 0.137255, 1)

[sub_resource type="StandardMaterial3D" id="StandardMaterial3D_r2v4a"]
albedo_color = Color(0, 0.588235, 0.894118, 1)
metallic = 0.67
roughness = 0.28

[sub_resource type="StandardMaterial3D" id="StandardMaterial3D_vkxqc"]
albedo_color = Color(1, 0.196078, 1, 1)

[sub_resource type="StandardMaterial3D" id="StandardMaterial3D_uufj1"]
albedo_color = Color(1, 1, 0.137255, 1)

[sub_resource type="StandardMaterial3D" id="StandardMaterial3D_0npny"]
albedo_color = Color(0, 0.172549, 0, 1)
metallic = 0.67
roughness = 0.28

[sub_resource type="CapsuleShape3D" id="CapsuleShape3D_js4xe"]

[sub_resource type="CapsuleMesh" id="CapsuleMesh_u5wyk"]

[sub_resource type="StandardMaterial3D" id="StandardMaterial3D_cccij"]
albedo_color = Color(1, 0.160784, 0.235294, 1)

[sub_resource type="BoxMesh" id="BoxMesh_kgfux"]
material = SubResource("StandardMaterial3D_cccij")
size = Vector3(0.1, 0.1, 1)

[node name="World" type="Node3D"]

[node name="clipping stuff" type="Node3D" parent="."]
transform = Transform3D(1, 0, 0, 0, 1, 0, 0, 0, 1, 0, 0, 12.1681)

[node name="capsul" type="MeshInstance3D" parent="clipping stuff"]
transform = Transform3D(0.99999, 0.00419227, -0.00128459, -0.00419294, 0.999991, -0.000519677, 0.00128239, 0.000525073, 0.999999, 0, 0, 0)
material_override = SubResource("ShaderMaterial_6n8rm")
mesh = SubResource("CapsuleMesh_82j70")
skeleton = NodePath("../..")
script = ExtResource("2_powcp")

[node name="capsul2" type="MeshInstance3D" parent="clipping stuff"]
transform = Transform3D(0.99999, 0.00419227, -0.00128459, -0.00419294, 0.999991, -0.000519677, 0.00128239, 0.000525073, 0.999999, -2.19736, 1.13262, 0)
material_override = SubResource("ShaderMaterial_6n8rm")
mesh = SubResource("CapsuleMesh_82j70")
skeleton = NodePath("../..")
script = ExtResource("2_powcp")

[node name="cutPlane" type="MeshInstance3D" parent="clipping stuff"]
unique_name_in_owner = true
transform = Transform3D(0.56596, 0.219821, 0.794587, -0.565961, 0.804413, 0.180578, -0.599481, -0.551904, 0.579675, -0.699623, 0.060253, 0.00246143)
mesh = SubResource("PlaneMesh_3ckh7")
skeleton = NodePath("../..")

[node name="CSGMesh3D" type="CSGMesh3D" parent="clipping stuff"]
transform = Transform3D(1, 0, 0, 0, 1, 0, 0, 0, 1, 0, -1.10902, -14.9363)
use_collision = true
mesh = SubResource("CylinderMesh_qkkxn")
material = SubResource("StandardMaterial3D_uuctm")

[node name="portal1" parent="." node_paths=PackedStringArray("targetPortal") instance=ExtResource("3_td0wn")]
targetPortal = NodePath("../portal2")
color = Color(0.352941, 0.615686, 0.184314, 1)

[node name="portal2" parent="." node_paths=PackedStringArray("targetPortal") instance=ExtResource("3_td0wn")]
transform = Transform3D(0.25011, 0, 0.968217, 0, 1, 0, -0.968217, 0, 0.25011, 5.09138, 0, 0)
targetPortal = NodePath("../portal1")

[node name="CSGBox3D" type="CSGBox3D" parent="."]
transform = Transform3D(1, 0, 0, 0, 1, 0, 0, 0, 1, 0.311401, -0.34217, 3.11577)
size = Vector3(20.6257, 1, 1)
material = SubResource("StandardMaterial3D_dkkef")

[node name="floor" type="CSGBox3D" parent="."]
transform = Transform3D(1, 0, 0, 0, 1, 0, 0, 0, 1, 0, -2, 0)
use_collision = true
size = Vector3(20, 1, 20)
material = SubResource("StandardMaterial3D_r2v4a")

[node name="CSGBox3D3" type="CSGBox3D" parent="floor"]
transform = Transform3D(1, 0, 0, 0, 1, 0, 0, 0, 1, 0.311401, 1.89424, -14.1203)
size = Vector3(20.6257, 1, 1)
material = SubResource("StandardMaterial3D_vkxqc")

[node name="CSGBox3D2" type="CSGBox3D" parent="floor"]
transform = Transform3D(1, 0, 0, 0, 1, 0, 0, 0, 1, 11.9531, 1.89424, 0.836129)
size = Vector3(1.72144, 1, 24.8003)
material = SubResource("StandardMaterial3D_uufj1")

[node name="floor2" type="CSGBox3D" parent="."]
transform = Transform3D(1, 0, 0, 0, 1, 0, 0, 0, 1, -31.6866, -2.23641, 0)
use_collision = true
size = Vector3(20, 1, 20)
material = SubResource("StandardMaterial3D_0npny")

[node name="CSGBox3D" type="CSGBox3D" parent="floor2"]
transform = Transform3D(1, 0, 0, 0, 1, 0, 0, 0, 1, 0.311401, 1.89424, 14.3954)
size = Vector3(20.6257, 1, 1)
material = SubResource("StandardMaterial3D_dkkef")

[node name="CSGBox3D3" type="CSGBox3D" parent="floor2"]
transform = Transform3D(1, 0, 0, 0, 1, 0, 0, 0, 1, 0.311401, 1.89424, -14.1203)
size = Vector3(20.6257, 1, 1)
material = SubResource("StandardMaterial3D_vkxqc")

[node name="CSGBox3D2" type="CSGBox3D" parent="floor2"]
transform = Transform3D(1, 0, 0, 0, 1, 0, 0, 0, 1, 15.7262, 0.0613861, 0.836129)
size = Vector3(11.3444, 1, 24.8003)
material = SubResource("StandardMaterial3D_uufj1")

[node name="player" type="CharacterBody3D" parent="."]
script = ExtResource("3_81ptb")

[node name="CollisionShape3D" type="CollisionShape3D" parent="player"]
shape = SubResource("CapsuleShape3D_js4xe")

[node name="MeshInstance3D" type="MeshInstance3D" parent="player"]
mesh = SubResource("CapsuleMesh_u5wyk")

[node name="head" type="Node3D" parent="player"]
transform = Transform3D(1, 0, 0, 0, 1, 0, 0, 0, 1, 0, 0.881398, 0)

[node name="neck" type="Node3D" parent="player/head"]

[node name="Camera3D" type="Camera3D" parent="player/head/neck"]
current = true

[node name="MeshInstance3D" type="MeshInstance3D" parent="player/head/neck"]
transform = Transform3D(1, 0, 0, 0, 1, 0, 0, 0, 1, 0, 0.478045, -0.772841)
visible = false
mesh = SubResource("BoxMesh_kgfux")

[node name="enviroment" type="Node3D" parent="."]

[node name="DirectionalLight3D" type="DirectionalLight3D" parent="enviroment"]
transform = Transform3D(-0.866023, -0.433016, 0.250001, 0, 0.499998, 0.866027, -0.500003, 0.749999, -0.43301, 0, 0, 0)
shadow_enabled = true

[node name="Camera3D" type="Camera3D" parent="enviroment"]
transform = Transform3D(1, 0, 0, 0, -4.37114e-08, 1, 0, -1, -4.37114e-08, -16.1056, 22.3886, 0)
